HomeTeam,AwayTeam,Result Predicted,Away win %,Draw %,Home win %
Man Utd,Leicester,H,35.063255796358355,18.677346365592992,46.25939783804865
Newcastle,Spurs,A,40.22786542413347,26.200939993608635,33.5711945822579
Bournemouth,Cardiff,H,36.74838711488195,23.54186033544008,39.70975254967797
Fulham,Crystal Palace,A,39.90044618285395,20.915202775560413,39.18435104158564
Huddersfield,Chelsea,A,37.86288445194689,27.716626383073756,34.42048916497935
Watford,Brighton,H,32.245564553811775,33.60264326000851,34.151792186179705
Wolves,Everton,D,27.56782863302481,41.330056090071466,31.102115276903724
Liverpool,West Ham,D,27.278433136187363,40.440546989938085,32.28101987387454
Southampton,Burnley,D,30.02215754481782,38.286037569054024,31.69180488612816
Arsenal,Man City,H,31.455166231403357,30.739590355833847,37.805243412762806
Cardiff,Newcastle,A,43.88469440286635,15.31879611093318,40.79650948620048
Everton,Southampton,H,24.871812815409125,36.96239714788865,38.165790036702205
Leicester,Wolves,D,33.979931361379045,35.563921017299926,30.456147621321033
Spurs,Fulham,H,29.828718919892573,32.23021077785824,37.94107030224919
West Ham,Bournemouth,A,35.316430064672666,31.684821458854163,32.998748476473175
Chelsea,Arsenal,D,30.862831889558045,38.93050714972246,30.206660960719482
Burnley,Watford,H,36.57472299720943,15.87791241038915,47.547364592401436
Man City,Huddersfield,D,30.158887964530383,34.982267568705744,34.85884446676387
Brighton,Man Utd,D,27.95484776610415,44.511414288271425,27.53373794562442
Crystal Palace,Liverpool,A,42.574094481115985,23.352799402832424,34.0731061160516
Wolves,Man City,H,36.141892674010464,27.121359576002043,36.7367477499875
Arsenal,West Ham,H,27.50056150466529,33.42138439384978,39.07805410148493
Bournemouth,Everton,D,23.341280064429213,49.55025282836797,27.108467107202816
Huddersfield,Cardiff,H,41.790759759656396,15.972420096820533,42.236820143523076
Southampton,Leicester,A,35.45234076565421,31.9816853973102,32.565973837035585
Liverpool,Brighton,D,28.371904788275998,39.95054889535531,31.677546316368694
Watford,Crystal Palace,A,39.23736985068904,22.51297189513374,38.24965825417721
Fulham,Burnley,H,31.817095050741763,30.877905863467497,37.30499908579073
Newcastle,Chelsea,A,39.50524216145273,26.978747596267883,33.5160102422794
Man Utd,Spurs,H,36.0209154654887,22.85504081536113,41.124043719150166
Leicester,Liverpool,D,29.755108785518864,39.68213173212381,30.562759482357325
Brighton,Fulham,D,18.72879907803867,51.88076325341885,29.39043766854248
Chelsea,Bournemouth,D,28.019154587586186,40.200042136991364,31.780803275422443
Crystal Palace,Southampton,A,39.42587164595688,23.59224000383741,36.9818883502057
Everton,Huddersfield,D,23.65468973733453,43.98690542848378,32.358404834181705
West Ham,Wolves,A,41.540275493320785,26.87256729649461,31.587157210184607
Man City,Newcastle,H,38.52158587968186,17.807353205617797,43.67106091470034
Cardiff,Arsenal,A,41.259450428571895,24.40380033569321,34.33674923573489
Burnley,Man Utd,A,41.77789161138385,23.994449687080714,34.22765870153544
Watford,Spurs,A,36.53315247208824,31.73874043338918,31.728107094522567
Spurs,Liverpool,H,36.16547767435225,27.314617467359998,36.51990485828775
Bournemouth,Leicester,H,32.55000595057391,30.99236611509334,36.457627934332734
Chelsea,Cardiff,H,37.510177196666476,22.199826164185936,40.289996639147596
Huddersfield,Crystal Palace,H,40.820216931298084,18.330226573958498,40.84955649474342
Man City,Fulham,H,27.865537496144682,33.15000695120153,38.984455552653785
Newcastle,Arsenal,A,37.65101620856383,30.063783403440997,32.285200387995175
Watford,Man Utd,A,37.389732176185404,33.26516880663789,29.345099017176707
Wolves,Burnley,H,31.696317164783018,28.63970980570058,39.663973029516406
Everton,West Ham,H,26.11010998480605,34.460322048735456,39.429567966458485
Southampton,Brighton,D,31.112633810868594,39.22213981991254,29.66522636921886
Fulham,Watford,H,34.343829435503096,21.893746415997935,43.762424148498965
Burnley,Bournemouth,H,34.8980986776983,27.765909485770777,37.335991836530916
Cardiff,Man City,A,42.32781719023188,20.407597988046223,37.264584821721904
Crystal Palace,Newcastle,A,46.48350245755243,14.320160278677358,39.19633726377021
Leicester,Huddersfield,D,25.645693646506025,46.742892375830806,27.61141397766319
Liverpool,Southampton,D,25.90228618481798,43.08779088654936,31.009922928632662
Man Utd,Wolves,H,36.2400514222606,23.425329543102364,40.334619034637036
Brighton,Spurs,D,27.386631778244702,42.7529221988067,29.8604460229486
West Ham,Chelsea,A,40.58310097946072,27.026757156348598,32.390141864190696
Arsenal,Everton,D,23.621903481440945,44.76531389697997,31.612782621579083
West Ham,Man Utd,A,42.338080053101216,27.607717983688524,30.054201963210247
Arsenal,Watford,H,29.698992442865553,22.811637180997884,47.48937037613657
Everton,Fulham,D,21.85266884577689,41.855165397128445,36.29216575709467
Huddersfield,Spurs,A,38.643210262699625,26.89406435013806,34.462725387162315
Man City,Brighton,H,33.65250053257644,25.5783931039544,40.76910636346916
Newcastle,Leicester,A,39.59931021010677,21.720004529026262,38.68068526086695
Wolves,Southampton,H,30.50101225467531,32.33899782181327,37.15998992351142
Chelsea,Liverpool,D,29.450589102080137,39.55160844504971,30.997802452870154
Cardiff,Burnley,H,37.54641767061073,21.968782865872555,40.484799463516715
Bournemouth,Crystal Palace,H,35.65320640737013,26.28522952995419,38.06156406267567
Brighton,West Ham,D,22.673325024994526,44.9889448260505,32.337730148954975
Burnley,Huddersfield,H,32.625645781826776,33.43765831339417,33.93669590477906
Crystal Palace,Wolves,A,46.695986881126196,20.12804276068426,33.17597035818955
Leicester,Everton,D,24.289306919639,48.35518148823207,27.355511592128938
Spurs,Cardiff,H,42.54289309654868,13.602181221372833,43.85492568207848
Watford,Bournemouth,D,30.836863008301975,37.26111397529592,31.902023016402108
Man Utd,Newcastle,H,36.33839080522058,16.8632062642073,46.79840293057212
Fulham,Arsenal,A,34.760310042665424,33.89201072188404,31.34767923545054
Southampton,Chelsea,D,34.49537716897561,38.24531111681361,27.25931171421077
Liverpool,Man City,D,31.244095067363887,37.67736469521827,31.07854023741784
Chelsea,Man Utd,D,34.339306981594866,36.282016860593764,29.378676157811384
Bournemouth,Southampton,D,26.1002524886089,41.15146137399613,32.74828613739497
Cardiff,Fulham,H,32.992991417014046,29.84550958337296,37.161498999613
Man City,Burnley,H,32.2883261726814,24.941955256293337,42.76971857102526
Newcastle,Brighton,H,35.78968476896878,27.923325658349736,36.286989572681485
West Ham,Spurs,A,41.29377556685778,26.24010176244882,32.466122670693395
Wolves,Watford,H,33.95311500552031,19.794096168267973,46.25278882621173
Huddersfield,Liverpool,A,34.51670929807836,31.41706470453165,34.06622599738999
Everton,Crystal Palace,H,33.72390196633168,22.92753911957378,43.34855891409454
Arsenal,Leicester,H,32.368936375818116,26.227525416531407,41.403538207650485
Brighton,Wolves,D,27.341303316200584,43.711176685327736,28.947519998471694
Fulham,Bournemouth,D,31.67359744676894,35.31674780928044,33.00965474395062
Liverpool,Cardiff,H,36.89740679206499,25.035282095969368,38.06731111196564
Southampton,Newcastle,A,37.14282238774332,29.428410540545947,33.42876707171072
Watford,Huddersfield,D,28.221850055057136,43.47895792715596,28.2991920177869
Leicester,West Ham,D,28.531553789354998,37.1455839543275,34.32286225631751
Burnley,Chelsea,A,39.91652942132774,23.36690739771663,36.71656318095564
Crystal Palace,Arsenal,A,44.027477683672664,22.924319157570274,33.04820315875706
Man Utd,Everton,H,27.153604764607113,35.20706628177456,37.63932895361834
Spurs,Man City,A,38.67980850110803,22.731031066733195,38.589160432158785
Bournemouth,Man Utd,D,33.41798248229274,37.828524240094204,28.753493277613053
Cardiff,Leicester,A,42.58801985529136,17.05994140260364,40.352038742105
Everton,Brighton,H,27.179198515640152,34.02566185392559,38.79513963043425
Newcastle,Watford,H,36.723553067407636,18.78180615091534,44.49464078167703
West Ham,Burnley,H,35.384493056659736,27.35726641571805,37.25824052762223
Arsenal,Liverpool,D,28.843033846701477,35.95924897640782,35.197717176890706
Wolves,Spurs,A,37.51218153072209,27.653578516335536,34.83423995294238
Man City,Southampton,H,31.23828442000326,28.264755426477382,40.49696015351936
Chelsea,Crystal Palace,H,36.4299621181612,24.904658244028134,38.66537963781066
Huddersfield,Fulham,D,28.00090349914537,36.67615942413128,35.32293707672335
Cardiff,Brighton,A,39.12168787502626,22.481108701899366,38.39720342307437
Huddersfield,West Ham,H,32.91099787431005,29.117567923846522,37.97143420184344
Leicester,Burnley,H,28.55180610830953,35.719776028334024,35.728417863356455
Newcastle,Bournemouth,A,34.36245200559352,31.5803328300336,34.05721516437288
Southampton,Watford,H,33.18847673938623,28.53540476135829,38.27611849925548
Crystal Palace,Spurs,A,46.306113606425725,19.660216500183463,34.033669893390815
Liverpool,Fulham,D,22.654554839381035,47.95578718321235,29.389657977406614
Chelsea,Everton,D,24.06546768488961,48.16686318901213,27.767669126098244
Arsenal,Wolves,H,32.949478763826164,32.042178861137735,35.008342375036094
Man City,Man Utd,A,39.169635934976306,25.411405701816957,35.41895836320675
Brighton,Leicester,D,27.40258388117656,37.477976819524606,35.11943929929883
Everton,Cardiff,H,34.51831260594551,20.292455514814588,45.1892318792399
Fulham,Southampton,H,30.563107877554618,34.60057077820334,34.83632134424204
Man Utd,Crystal Palace,H,37.57822109371357,15.345705446257297,47.07607346002913
Watford,Liverpool,D,32.42637058919637,36.478634548208284,31.09499486259535
West Ham,Man City,A,40.0498025283228,25.727029534880558,34.223167936796635
Spurs,Chelsea,A,39.29775869666418,23.973380096364643,36.72886120697118
Bournemouth,Arsenal,D,29.991660930736064,40.47551234467218,29.532826724591754
Wolves,Huddersfield,D,29.140136803752192,39.413921265247254,31.445941931000547
Burnley,Newcastle,H,41.00433048686497,16.732109497421224,42.263560015713814
Cardiff,Wolves,A,43.97097179775775,21.48912287199107,34.53990533025118
Crystal Palace,Burnley,A,40.224930397962275,20.682446712125685,39.092622889912036
Huddersfield,Brighton,H,34.13880808016722,28.635225021290278,37.2259668985425
Leicester,Watford,H,31.260626725524894,26.103585952576676,42.63578732189843
Man City,Bournemouth,H,32.45400835652086,29.173612307319967,38.37237933615917
Newcastle,West Ham,H,34.563810663245356,28.408021050392517,37.02816828636213
Southampton,Man Utd,D,36.07961427710007,38.70570129529195,25.214684427607974
Chelsea,Fulham,D,23.600529553916882,44.55773823799715,31.841732208085954
Arsenal,Spurs,H,32.837451817767146,31.264844468081115,35.89770371415174
Liverpool,Everton,D,23.06046836145557,51.42934993209103,25.510181706453395
Bournemouth,Huddersfield,D,24.618558593187988,48.03629136289318,27.345150043918842
Brighton,Crystal Palace,H,30.470266758215008,32.49518182726378,37.034551414521204
West Ham,Cardiff,A,44.61837270676132,15.601359121767015,39.780268171471675
Watford,Man City,A,35.27518746987673,31.30448796846394,33.420324561659335
Burnley,Liverpool,A,36.72102114890547,26.7295598581512,36.54941899294332
Fulham,Leicester,H,36.99067565439521,25.07369144681084,37.93563289879395
Wolves,Chelsea,A,36.7081863621117,28.50106636776653,34.79074727012177
Everton,Newcastle,H,32.302481484444854,24.95780054281279,42.739717972742355
Man Utd,Arsenal,H,33.72274788492971,26.360063373003385,39.917188742066905
Spurs,Southampton,H,33.25576658309316,27.449983840967107,39.29424957593973
Bournemouth,Liverpool,D,28.59807741090441,41.11128840224791,30.290634186847686
Arsenal,Huddersfield,D,24.954657247679325,43.037708425768265,32.0076343265524
Burnley,Brighton,H,36.16613057587231,24.236531590842883,39.59733783328481
Cardiff,Southampton,H,36.646305109522984,25.04528068611857,38.30841420435844
Man Utd,Fulham,H,26.33982078841064,31.48633036415679,42.17384884743257
West Ham,Crystal Palace,A,43.4993232509621,17.928969704346734,38.571707044691166
Chelsea,Man City,D,32.25284706574707,34.25559113308845,33.49156180116449
Leicester,Spurs,D,33.901135105042215,34.73988153075291,31.358983364204875
Newcastle,Wolves,A,40.46597187013221,26.835717470289445,32.69831065957835
Everton,Watford,H,28.288266239564546,23.793635601521157,47.91809815891428
Man City,Everton,D,28.60722713641292,36.914242218778135,34.47853064480894
Crystal Palace,Leicester,A,45.23725747197966,15.967219447415696,38.79552308060464
Huddersfield,Newcastle,H,39.449043884451875,20.138967509397514,40.41198860615061
Spurs,Burnley,H,34.26313037043692,24.26504679462518,41.471822834937896
Watford,Cardiff,A,40.375321356119535,19.914505526116887,39.710173117763574
Wolves,Bournemouth,H,31.675727634099342,33.165622665109204,35.158649700791436
Fulham,West Ham,H,31.8967961255941,32.13499586629378,35.96820800811211
Brighton,Chelsea,D,26.440444371713795,43.999029604634885,29.560526023651317
Southampton,Arsenal,D,32.51838132518827,41.496642273214626,25.984976401597105
Liverpool,Man Utd,D,33.22155792401999,39.6329967668967,27.145445309083314
Wolves,Liverpool,H,33.38308964218227,32.23442736261132,34.3824829952064
Arsenal,Burnley,H,27.48213574427119,32.08664305335338,40.43122120237543
Bournemouth,Brighton,D,28.533652802456494,38.07541291387589,33.39093428366761
Chelsea,Leicester,H,33.3560870070673,29.51138595152203,37.13252704141067
Huddersfield,Southampton,H,31.590897360142016,31.551185880256472,36.85791675960151
Man City,Crystal Palace,H,39.798538336318636,16.192630430244026,44.00883123343734
Newcastle,Fulham,D,29.62026438298156,35.80501602874339,34.574719588275066
West Ham,Watford,H,37.82724908853174,18.840351582279673,43.33239932918858
Cardiff,Man Utd,A,44.872033726745784,22.167304524152254,32.960661749101966
Everton,Spurs,H,31.279159692687504,32.35816077457547,36.36267953273701
Fulham,Wolves,A,37.5607033351762,30.553900339837213,31.885396324986587
Burnley,Everton,D,30.97073468138606,35.4030984200353,33.626166898578646
Crystal Palace,Cardiff,A,48.58070897400745,11.065955515903973,40.35333551008857
Leicester,Man City,D,32.59973269962872,34.35734936787923,33.04291793249205
Liverpool,Newcastle,H,34.145205285805716,30.13792328406063,35.71687143013365
Man Utd,Huddersfield,H,28.580081034799125,33.30880430531619,38.11111465988469
Spurs,Bournemouth,H,34.40377701574342,28.33579857853396,37.26042440572262
Brighton,Arsenal,D,24.863479518729424,47.011065215975236,28.125455265295347
Watford,Chelsea,A,35.72273123472157,32.685860867993775,31.59140789728465
Southampton,West Ham,D,29.969021227461234,39.75214895947749,30.278829813061282
Brighton,Everton,D,19.183415766674205,55.107537648613025,25.70904658471277
Fulham,Huddersfield,D,29.110549713458294,41.463653294326164,29.42579699221553
Leicester,Cardiff,H,37.93165547928618,22.246032840934866,39.822311679778956
Spurs,Wolves,A,40.24896196238165,23.884247204335146,35.86679083328319
Watford,Newcastle,A,37.7875215102013,24.536932532179407,37.675545957619306
Liverpool,Arsenal,D,29.771498353850816,42.34598020508594,27.88252144106324
Crystal Palace,Chelsea,A,45.7720077984899,20.210804317694947,34.01718788381514
Burnley,West Ham,H,34.9392086896245,24.681044666982718,40.37974664339277
Southampton,Man City,D,34.15414082972904,36.861352059406975,28.984507110864
Man Utd,Bournemouth,H,30.73216625962878,27.747485585830624,41.52034815454059
Everton,Leicester,H,30.855399810592658,27.275327628720348,41.869272560687
Arsenal,Fulham,D,23.060412444998086,40.93698514971413,36.002602405287774
Cardiff,Spurs,A,43.62878973908238,20.972000526033153,35.399209734884465
Bournemouth,Watford,H,30.186514447652446,27.457075756612255,42.356409795735296
Chelsea,Southampton,D,26.884489636173868,39.60636201247653,33.5091483513496
Huddersfield,Burnley,H,32.76488990631591,27.912494598144015,39.32261549554007
West Ham,Brighton,A,36.81492681907639,28.01100133617455,35.174071844749065
Wolves,Crystal Palace,H,39.74146634514891,18.91233250179763,41.34620115305346
Newcastle,Man Utd,A,41.27227938828598,27.58130803683363,31.14641257488039
Man City,Liverpool,H,34.147066939536714,28.180339028421848,37.67259403204143
West Ham,Arsenal,A,38.673963237435046,30.13003157756668,31.19600518499828
Brighton,Liverpool,D,23.579348345287364,47.661383508509644,28.75926814620299
Burnley,Fulham,H,30.213708412167456,31.718274940462198,38.06801664737034
Cardiff,Huddersfield,A,35.56299109209575,31.447894957525452,32.989113950378794
Crystal Palace,Watford,H,42.06146150213993,13.60807335813953,44.33046513972055
Leicester,Southampton,D,27.170306312538973,39.75354074946989,33.07615293799114
Chelsea,Newcastle,H,34.924208032540804,27.070246750614935,38.00554521684426
Everton,Bournemouth,D,26.05564162540733,37.723866471403724,36.220491903188936
Spurs,Man Utd,A,41.09549189456946,24.60853448117046,34.29597362426008
Man City,Wolves,A,38.29458055961372,24.652308539104965,37.05311090128131
Wolves,Leicester,H,36.87986095276798,22.919003512484075,40.20113553474795
Bournemouth,West Ham,D,27.441246855216423,38.55218747128048,34.00656567350311
Liverpool,Crystal Palace,H,35.72024273352394,27.82413618627769,36.45562108019837
Man Utd,Brighton,H,31.754855684516414,24.24192196515314,44.00322235033045
Newcastle,Cardiff,A,43.41641552441787,15.586788291329981,40.99679618425214
Southampton,Everton,D,25.373464638569764,50.75799857575376,23.868536785676476
Watford,Burnley,H,31.043838797730483,32.78353292720438,36.17262827506515
Arsenal,Chelsea,H,31.973431100216988,32.1967876674777,35.82978123230532
Huddersfield,Man City,A,37.29200734524928,26.36307721623792,36.34491543851279
Fulham,Spurs,A,37.394776258439386,29.84333616471414,32.76188757684648
Arsenal,Cardiff,H,36.10535581010521,19.341119483509058,44.55352470638572
Fulham,Brighton,H,33.071728235386765,31.646424893753455,35.28184687085977
Huddersfield,Everton,D,28.601887128031052,40.49902548303106,30.89908738893789
Wolves,West Ham,H,31.818446362498996,29.876036610370075,38.30551702713094
Man Utd,Burnley,H,30.47884168868152,23.646981004567955,45.874177306750525
Bournemouth,Chelsea,D,31.791023807377677,37.25768199095379,30.95129420166854
Southampton,Crystal Palace,A,38.74064124222406,27.13447863292649,34.12488012484946
Newcastle,Man City,A,38.95635679909932,25.67161030500858,35.372032895892104
Liverpool,Leicester,H,32.51274180513661,32.70286965082168,34.784388544041704
Spurs,Watford,H,36.18474654607118,16.44423269223018,47.37102076169864
Spurs,Newcastle,H,40.46063072321822,17.317736044905438,42.221633231876346
Brighton,Watford,H,25.35827449387846,33.77173249728849,40.86999300883304
Burnley,Southampton,H,33.71997839695515,26.870490524724616,39.409531078320235
Chelsea,Huddersfield,D,25.400042419678414,46.56946779466768,28.030489785653916
Crystal Palace,Fulham,H,35.705718746611055,28.275417897643628,36.0188633557453
Everton,Wolves,H,31.364606874745565,33.15334956433569,35.48204356091873
Cardiff,Bournemouth,A,37.78795363773894,25.92957838467525,36.282467977585824
Leicester,Man Utd,D,34.68171073880169,36.37375274864756,28.944536512550744
Man City,Arsenal,H,35.626580757074564,27.728794374057014,36.64462486886842
West Ham,Liverpool,A,37.19599053839735,30.680071981782643,32.12393747982
Fulham,Man Utd,A,38.31101625890159,31.32967849317397,30.35930524792444
Crystal Palace,West Ham,A,40.59986474622402,21.568751221305916,37.83138403247007
Huddersfield,Arsenal,A,36.01604994111886,30.878031013261076,33.10591904562007
Liverpool,Bournemouth,D,27.02663921695602,43.53782625798397,29.435534525060003
Southampton,Cardiff,A,40.09596502894922,24.363512655680275,35.5405223153705
Watford,Everton,D,26.75931453787021,45.1822504955619,28.05843496656789
Brighton,Burnley,D,22.82944046095996,43.40372476941444,33.7668347696256
Spurs,Leicester,H,39.14071293037536,19.170926905213257,41.68836016441138
Man City,Chelsea,H,37.30151924967009,24.746530757304676,37.951949993025224
Wolves,Newcastle,H,38.35196893219383,20.762374093438403,40.88565697436776
Cardiff,Watford,H,39.37739545397934,14.547094987166076,46.07550955885459
West Ham,Fulham,D,30.495738024114676,35.979605624318204,33.52465635156711
Burnley,Spurs,A,40.61034320391389,22.71007770653789,36.679579089548206
Bournemouth,Wolves,D,32.73584615803723,37.01913510339123,30.245018738571527
Leicester,Crystal Palace,H,36.82084502199027,24.955724917343396,38.22343006066633
Newcastle,Huddersfield,D,31.8698392546648,37.57226219858265,30.557898546752547
Everton,Man City,H,29.901694248719057,31.837084553305466,38.26122119797547
Chelsea,Brighton,D,29.345024005062548,36.53370452899673,34.12127146594071
Arsenal,Southampton,H,26.230967885841306,35.93745087569788,37.83158123846083
Man Utd,Liverpool,H,32.27037712882117,26.750158830049465,40.97946404112938
Cardiff,Everton,A,33.78195381216154,33.460013283581596,32.75803290425686
Huddersfield,Wolves,A,38.85817119194802,27.56797469236351,33.57385411568847
Leicester,Brighton,D,29.65750634505333,36.65649299402152,33.68600066092514
Man City,West Ham,H,32.457569475505046,26.0171457196307,41.525284804864256
Arsenal,Bournemouth,D,27.4149090691841,36.721237585921344,35.86385334489456
Newcastle,Burnley,H,34.392151403432685,27.26103761407043,38.34681098249688
Southampton,Fulham,D,25.018600117127114,47.36793223049327,27.613467652379615
Crystal Palace,Man Utd,A,47.579878796523914,20.76703387091127,31.653087332564827
Chelsea,Spurs,D,33.557953829107646,34.64681510558697,31.79523106530539
Liverpool,Watford,H,30.224890319357318,29.117959749007166,40.65714993163552
Bournemouth,Man City,D,31.3837070403124,35.824632403359175,32.791660556328424
Brighton,Huddersfield,D,20.151725085938413,53.99662937880845,25.851645535253137
Burnley,Crystal Palace,H,42.23903986865726,15.190934300628674,42.570025830714066
Everton,Liverpool,D,27.376644933284144,37.0288953182514,35.59445974846445
Fulham,Chelsea,A,36.610279771744324,30.729211943079992,32.66050828517569
Man Utd,Southampton,H,29.462358249852212,26.78071665332089,43.7569250968269
Spurs,Arsenal,A,37.61021588032284,26.870892619964597,35.518891499712566
Watford,Leicester,H,36.246055257418654,26.850832784101307,36.90311195848003
West Ham,Newcastle,A,42.162353952689315,19.692343461034792,38.14530258627588
Wolves,Cardiff,H,40.68349105189546,16.511866405307448,42.8046425427971
Arsenal,Man Utd,A,33.719937201136815,32.89181630847842,33.38824649038477
Cardiff,West Ham,H,37.85470502416845,22.927715471519523,39.21757950431201
Chelsea,Wolves,D,33.635865304239736,35.46894274720571,30.89519194855455
Crystal Palace,Brighton,A,41.87146359258451,21.125851015235657,37.00268539217982
Huddersfield,Bournemouth,H,32.75323762210116,32.377717940512355,34.86904443738648
Leicester,Fulham,D,23.838846734933576,44.740421236781266,31.420732028285148
Liverpool,Burnley,D,27.35386656154697,38.93579357076996,33.710339867683075
Man City,Watford,H,34.12875868269228,16.87998766636083,48.991253650946895
Newcastle,Everton,D,30.21508588586982,39.491295736622476,30.2936183775077
Southampton,Spurs,D,35.383843573273126,37.11450605713226,27.501650369594614
Bournemouth,Newcastle,H,34.129177644031685,28.507304232167304,37.363518123801015
Brighton,Cardiff,H,31.44663720005669,29.70876314793509,38.84459965200822
Burnley,Leicester,H,39.67673834474649,18.571968385282517,41.751293269971
Everton,Chelsea,H,30.40482977868408,33.30517957286156,36.28999064845436
Fulham,Liverpool,D,33.320566192284986,34.46366526223341,32.2157685454816
Man Utd,Man City,H,34.56763179096413,22.21039429628565,43.22197391275022
Spurs,Crystal Palace,H,41.688965506540946,15.763152551735244,42.5478819417238
Watford,Southampton,D,29.732188941083994,36.61258372834582,33.655227330570185
West Ham,Huddersfield,D,32.76734389470716,37.71311397854206,29.519542126750764
Wolves,Arsenal,A,34.87807759869596,31.693454535967746,33.428467865336295
Arsenal,Newcastle,H,33.836267207344996,23.930936022290155,42.23279677036485
Brighton,Southampton,D,21.434252084980468,47.54468204949832,31.0210658655212
Burnley,Wolves,A,40.895893941148714,23.27307310880579,35.83103295004549
Cardiff,Chelsea,A,43.00184140695914,21.581306750651162,35.4168518423897
Crystal Palace,Huddersfield,A,38.35730371176349,29.742719858017054,31.89997643021946
Fulham,Man City,A,36.12700394496475,29.3634932115478,34.509502843487454
Leicester,Bournemouth,D,28.300056354488135,40.340239310213654,31.3597043352982
Liverpool,Spurs,D,32.5323246647675,37.95872032996878,29.508955005263715
Man Utd,Watford,H,32.0352489818309,15.91176345981574,52.05298755835338
West Ham,Everton,D,31.057341915271696,39.6573348999258,29.285323184802497
Bournemouth,Burnley,D,27.49101732588524,37.09989391840709,35.40908875570767
Chelsea,West Ham,D,28.22935019493033,37.015220097607795,34.755429707461886
Everton,Arsenal,D,28.76485781837902,36.50491247327786,34.73022970834311
Huddersfield,Leicester,H,37.98487350876839,22.254704440052727,39.76042205117889
Man City,Cardiff,H,40.55809909624826,13.99722686161821,45.444674042133535
Newcastle,Crystal Palace,A,42.36938277996584,17.913156995256625,39.71746022477754
Southampton,Liverpool,D,31.096302094643114,42.21298554530533,26.690712360051567
Spurs,Brighton,H,35.65681035522512,24.835536079320665,39.507653565454206
Watford,Fulham,D,26.272005527375804,41.600924602032826,32.12706987059137
Wolves,Man Utd,A,38.532602845144304,29.143875701592,32.3235214532637
Brighton,Bournemouth,D,22.58428263245277,47.81533553483073,29.600381832716504
Burnley,Cardiff,H,43.07744096740323,13.084328712315878,43.8382303202809
Crystal Palace,Man City,A,45.1111924436632,19.099948097055396,35.788859459281404
Fulham,Everton,D,27.6004121399484,43.238068798239944,29.16151906181166
Leicester,Newcastle,H,35.30293597329521,27.13516739740987,37.561896629294914
Liverpool,Chelsea,D,31.6177067464842,39.10765814329865,29.27463511021716
Man Utd,West Ham,H,30.613461669118596,24.64840497579735,44.73813335508406
Southampton,Wolves,D,35.43613592870059,37.95233281739943,26.61153125389999
Spurs,Huddersfield,D,32.15638384802228,33.92749338406633,33.91612276791138
Watford,Arsenal,D,33.85533231113473,35.876525038362104,30.26814265050315
Arsenal,Crystal Palace,H,35.26249319693695,21.929054419434635,42.80845238362841
Bournemouth,Fulham,D,22.888932026059734,46.01805409936043,31.093013874579846
Cardiff,Liverpool,A,39.7672251874833,24.849336010919107,35.383438801597606
Chelsea,Burnley,H,28.251278890377137,35.59694464170712,36.151776467915745
Everton,Man Utd,D,32.113672304825,34.014153894574214,33.872173800600784
Huddersfield,Watford,H,35.03085021432938,19.207634752535313,45.76151503313531
Man City,Spurs,A,38.05413992830173,24.048191883832978,37.89766818786529
Newcastle,Southampton,H,33.253409338113634,30.773537582149224,35.97305307973714
West Ham,Leicester,A,40.69960369725653,21.762316651324557,37.53807965141892
Wolves,Brighton,H,33.03110099175552,29.39746176509812,37.57143724314635
Brighton,Newcastle,H,28.93533298595664,34.89205487434692,36.17261213969644
Burnley,Man City,A,39.26402643292462,22.127714369050626,38.60825919802476
Crystal Palace,Everton,A,36.4948062395671,31.754091203026434,31.751102557406476
Fulham,Cardiff,A,40.986475117536656,18.397222222644565,40.616302659818786
Leicester,Arsenal,D,31.17528925215386,39.04996609745813,29.77474465038802
Liverpool,Huddersfield,D,24.33059264814867,49.95905013098422,25.71035722086711
Man Utd,Chelsea,H,35.24768222982336,23.482584681847527,41.269733088329104
Southampton,Bournemouth,D,29.604876793004646,42.81997262697189,27.575150580023454
Spurs,West Ham,H,34.46375778288092,25.27725855364036,40.25898366347873
Watford,Wolves,A,36.66801210174241,32.485879885628535,30.846108012629053
Arsenal,Brighton,H,28.61266365426799,32.97115145201289,38.41618489371913
Bournemouth,Spurs,D,32.681859024668,36.17207141412407,31.146069561207934
Cardiff,Crystal Palace,A,45.06371759467462,13.871160603721503,41.065121801603865
Chelsea,Watford,H,30.902816514732258,26.02504132880651,43.07214215646123
Everton,Burnley,H,26.124133391272036,33.11075285983361,40.76511374889436
Huddersfield,Man Utd,A,39.68738731830582,28.343922997418282,31.9686896842759
Man City,Leicester,H,37.175841911414075,19.723401400679812,43.10075668790611
Newcastle,Liverpool,A,36.180036412228326,30.59486421715737,33.2250993706143
West Ham,Southampton,H,34.23315691409056,30.895374202344843,34.871468883564596
Wolves,Fulham,D,26.974146583932075,37.47421704304827,35.551636373019655
Brighton,Man City,D,26.08160915614979,42.59159098310305,31.32679986074716
Burnley,Arsenal,A,38.20451358098833,26.278984477735573,35.51650194127608
Crystal Palace,Bournemouth,A,40.481625805115954,24.46489726629375,35.0534769285903
Fulham,Newcastle,H,38.492939669647505,22.845714178148217,38.661346152204274
Leicester,Chelsea,D,33.023109889797034,35.792586481233116,31.184303628969843
Liverpool,Wolves,D,32.56288725362563,38.83556732690434,28.60154541947002
Man Utd,Cardiff,H,38.13874360978577,13.21278787111283,48.6484685191014
Southampton,Huddersfield,D,26.76708900807889,49.217605749060226,24.015305242860876
Spurs,Everton,D,30.55830449535441,35.83709787861858,33.60459762602701
Watford,West Ham,H,31.086375451896398,34.0973542750775,34.816270273026106
