HomeTeam,AwayTeam,Result Predicted,Away win %,Draw %,Home win %
Man Utd,Leicester,H,14.990969385242058,8.592330150824491,76.41670046393344
Newcastle,Spurs,A,51.852036735735986,15.185020864278117,32.962942399985884
Bournemouth,Cardiff,H,26.77463086679698,8.623264617115181,64.60210451608785
Fulham,Crystal Palace,A,49.512095865515136,12.045140372430648,38.44276376205421
Huddersfield,Chelsea,A,57.146239335935775,15.828615799651843,27.025144864412383
Watford,Brighton,H,17.297256028556912,17.067771936147373,65.6349720352957
Wolves,Everton,H,29.84481786582777,30.84557756377862,39.3096045703936
Liverpool,West Ham,H,17.294331911425115,19.6232207106697,63.08244737790518
Southampton,Burnley,H,24.896691680936097,21.23644199518964,53.86686632387428
Arsenal,Man City,H,32.91283836317057,16.110208181436516,50.976953455392916
Cardiff,Newcastle,H,43.27052813018103,6.900747155297092,49.82872471452189
Everton,Southampton,H,12.893006333371115,18.866595768342002,68.24039789828689
Leicester,Wolves,H,32.796471745885874,21.77684186852455,45.42668638558958
Spurs,Fulham,H,8.263622456012708,20.825081257652123,70.91129628633516
West Ham,Bournemouth,H,29.566358014576743,15.082013923187231,55.351628062236024
Chelsea,Arsenal,H,27.4790754197711,19.84949561609591,52.67142896413301
Burnley,Watford,H,28.98476229788111,7.415706383935404,63.59953131818349
Man City,Huddersfield,H,7.409340927449032,13.34274558662312,79.24791348592785
Brighton,Man Utd,A,38.33055325024266,31.27362130913467,30.395825440622676
Crystal Palace,Liverpool,A,64.51854408201716,11.97433944357933,23.507116474403507
Wolves,Man City,A,57.6462024786134,16.705080193921773,25.64871732746483
Arsenal,West Ham,H,16.032007778112323,16.122418554760852,67.84557366712683
Bournemouth,Everton,H,29.174054334989876,31.99874301583193,38.8272026491782
Huddersfield,Cardiff,H,29.4669912609921,6.623521378221348,63.909487360786564
Southampton,Leicester,H,35.78621162058346,14.445503079469516,49.76828529994702
Liverpool,Brighton,H,7.9405382791867725,19.458087851105084,72.60137386970813
Watford,Crystal Palace,H,36.80950690287085,10.96388862965382,52.22660446747535
Fulham,Burnley,H,32.22248946837206,18.98274715607072,48.79476337555722
Newcastle,Chelsea,A,53.54135921184041,15.735727990945866,30.722912797213713
Man Utd,Spurs,H,27.062032973618194,13.297081130884859,59.64088589549695
Leicester,Liverpool,H,38.350710925322,19.851880207368147,41.79740886730985
Brighton,Fulham,H,6.673287702745865,36.520285833290565,56.806426463963575
Chelsea,Bournemouth,H,13.59847317207383,20.83252341469098,65.56900341323521
Crystal Palace,Southampton,A,48.61637148772418,12.760882277105374,38.62274623517044
Everton,Huddersfield,H,9.00754587355003,21.637624106011476,69.3548300204385
West Ham,Wolves,H,40.486249301846215,15.344087363360417,44.16966333479337
Man City,Newcastle,H,12.415853320498895,6.892328243287459,80.69181843621364
Cardiff,Arsenal,A,60.141634620812646,11.113617279488967,28.744748099698388
Burnley,Man Utd,A,58.064222050928585,15.733990117033114,26.201787832038313
Watford,Spurs,A,48.24053958883455,17.173136256426464,34.586324154738975
Spurs,Liverpool,H,30.84335859665947,14.799925220116569,54.356716183223966
Bournemouth,Leicester,H,35.15095825939408,12.961025374801263,51.88801636580466
Chelsea,Cardiff,H,12.71727083984207,8.707912721934127,78.5748164382238
Huddersfield,Crystal Palace,H,43.964326521108795,9.693391122543863,46.34228235634734
Man City,Fulham,H,5.000314864313528,15.639316518578283,79.3603686171082
Newcastle,Arsenal,A,48.0639493669546,15.509749348771779,36.42630128427361
Watford,Man Utd,A,53.054976408447054,18.957828088996443,27.987195502556496
Wolves,Burnley,H,24.8193310578556,18.368938478925443,56.81173046321896
Everton,West Ham,H,17.96617414594001,17.20746941051481,64.8263564435452
Southampton,Brighton,H,20.551910617405227,21.30748850518801,58.140600877406754
Fulham,Watford,H,35.991256242697396,10.134852668387829,53.87389108891478
Burnley,Bournemouth,H,31.556809339943904,16.20297092959853,52.24021973045757
Cardiff,Man City,A,67.24703523208612,9.896679336528937,22.85628543138494
Crystal Palace,Newcastle,A,49.57171301996746,7.380811427130611,43.047475552901936
Leicester,Huddersfield,H,15.712239042836593,23.49001700853403,60.79774394862937
Liverpool,Southampton,H,12.313399561145221,21.367948238370314,66.31865220048448
Man Utd,Wolves,H,17.956845923605233,14.934490079257401,67.10866399713737
Brighton,Spurs,H,33.674372394443445,28.838477512570126,37.487150092986425
West Ham,Chelsea,A,52.90218063628625,13.741243806748304,33.35657555696543
Arsenal,Everton,H,11.40307442561011,27.043746253245963,61.553179321143915
West Ham,Man Utd,A,56.052511419507375,14.77328255687734,29.174206023615284
Arsenal,Watford,H,11.799257385925939,9.119306899643023,79.08143571443104
Everton,Fulham,H,6.119566301692955,24.986790569654527,68.89364312865251
Huddersfield,Spurs,A,55.51570901674248,15.294259338712957,29.190031644544568
Man City,Brighton,H,6.9525227312369795,10.512592595767426,82.5348846729956
Newcastle,Leicester,H,34.76720115656279,9.97147961614118,55.26131922729605
Wolves,Southampton,H,29.38990094380992,20.01184976161291,50.59824929457717
Chelsea,Liverpool,H,25.792193954657606,20.206056160618925,54.00174988472347
Cardiff,Burnley,H,36.62384598087483,11.043192651435406,52.33296136768977
Bournemouth,Crystal Palace,H,41.0478392251182,12.511387149004117,46.44077362587768
Brighton,West Ham,H,19.67396940207494,27.053834021282245,53.27219657664281
Burnley,Huddersfield,H,23.09428821871149,18.545917501864153,58.35979427942435
Crystal Palace,Wolves,A,60.50067016234796,13.30111415484854,26.19821568280349
Leicester,Everton,H,21.821508890181764,30.955202101415924,47.22328900840232
Spurs,Cardiff,H,16.110704096857482,6.269088569074629,77.62020733406789
Watford,Bournemouth,H,26.483614783491678,19.354733032557334,54.161652183950984
Man Utd,Newcastle,H,12.90840175941984,8.493097654342915,78.59850058623724
Fulham,Arsenal,A,56.37992834475649,18.76578283751855,24.85428881772497
Southampton,Chelsea,A,53.61107304463629,21.61196585873731,24.776961096626387
Liverpool,Man City,H,35.3868874649924,19.793318944929638,44.819793590077964
Chelsea,Man Utd,H,36.136481696635094,21.83659268611062,42.02692561725427
Bournemouth,Southampton,H,28.84813692745122,21.009841586227076,50.14202148632171
Cardiff,Fulham,H,27.73791110309499,18.65777012127406,53.604318775630944
Man City,Burnley,H,8.771925138272179,10.489669516702268,80.73840534502554
Newcastle,Brighton,H,20.302229632849873,15.336718906202714,64.36105146094742
West Ham,Spurs,A,51.14271645207484,13.233338581947503,35.62394496597766
Wolves,Watford,H,28.510695359685755,9.864711181471186,61.62459345884306
Huddersfield,Liverpool,A,50.44971237345225,16.001121203116885,33.549166423430854
Everton,Crystal Palace,H,21.814638746903757,11.735288222438976,66.45007303065725
Arsenal,Leicester,H,15.652943532399078,11.278322579411878,73.06873388818904
Brighton,Wolves,H,23.036135257016976,31.875606766718445,45.08825797626457
Fulham,Bournemouth,H,38.89784707580895,21.367503638156915,39.73464928603414
Liverpool,Cardiff,H,12.152660948054988,9.347769298655825,78.4995697532892
Southampton,Newcastle,H,32.2794159813673,14.38832465390178,53.332259364730916
Watford,Huddersfield,H,18.7538647508401,21.764518731832982,59.4816165173269
Leicester,West Ham,H,28.34383777888992,18.172797467373904,53.48336475373618
Burnley,Chelsea,A,55.079904845484926,14.682027726305247,30.23806742820982
Crystal Palace,Arsenal,A,65.27278023563142,11.78418585737636,22.94303390699223
Man Utd,Everton,H,10.970898984971031,21.635251256768157,67.3938497582608
Spurs,Man City,H,40.8625044689885,13.083031519062496,46.054464011949015
Bournemouth,Man Utd,A,56.47951749141518,20.956981053288604,22.56350145529622
Cardiff,Leicester,A,46.66042070018602,6.933444506026705,46.40613479378727
Everton,Brighton,H,8.390390160507817,17.266355572008642,74.34325426748354
Newcastle,Watford,H,28.036642037585196,8.050217207667423,63.913140754747374
West Ham,Burnley,H,23.92827215254511,13.257575114329073,62.814152733125816
Arsenal,Liverpool,H,23.324199769959172,17.876615238526192,58.79918499151464
Wolves,Spurs,A,52.96123430784899,18.231338940538365,28.807426751612635
Man City,Southampton,H,10.540771528716443,11.293914654429974,78.16531381685358
Chelsea,Crystal Palace,H,21.781851977441534,12.545286865244101,65.67286115731437
Huddersfield,Fulham,H,18.862715279915296,24.56967360806523,56.56761111201946
Cardiff,Brighton,H,31.55332111276415,11.212300294897796,57.234378592338054
Huddersfield,West Ham,H,39.775169744915566,14.782370406838549,45.44245984824589
Leicester,Burnley,H,17.99033851060639,18.61875597334412,63.39090551604948
Newcastle,Bournemouth,H,30.266561133965038,17.2955491768814,52.43788968915355
Southampton,Watford,H,28.87653121421335,11.77960185779097,59.343866927995684
Crystal Palace,Spurs,A,68.12815104453173,11.536800409660977,20.335048545807282
Liverpool,Fulham,H,5.768740623244075,27.771076681357094,66.46018269539883
Chelsea,Everton,H,12.830002376455463,30.101492622547305,57.06850500099723
Arsenal,Wolves,H,18.862112576587048,19.355319513570024,61.782567909842925
Man City,Man Utd,H,30.53154620719663,12.2152056822764,57.25324811052697
Brighton,Leicester,H,19.350850086190405,19.84585155114502,60.803298362664584
Everton,Cardiff,H,12.701231560032877,8.102701243427319,79.19606719653981
Fulham,Southampton,H,37.39671248808596,20.55386967693146,42.049417834982584
Man Utd,Crystal Palace,H,18.720992784156827,8.317247986713792,72.96175922912937
Watford,Liverpool,A,42.72936996666357,17.93420425253201,39.33642578080443
West Ham,Man City,A,55.70670223930665,12.076076324378834,32.21722143631452
Spurs,Chelsea,H,37.95958410919012,14.834157853097189,47.2062580377127
Bournemouth,Arsenal,A,48.38020240905034,19.6187215939197,32.00107599702997
Wolves,Huddersfield,H,22.211525179357135,23.539697381864006,54.24877743877886
Burnley,Newcastle,H,32.44922779236747,9.179106143553968,58.37166606407857
Cardiff,Wolves,A,54.63133476544697,12.617032566476697,32.75163266807633
Crystal Palace,Burnley,H,43.09571017458408,11.768088573964759,45.13620125145116
Huddersfield,Brighton,H,22.911310101346576,15.586486719440854,61.502203179212565
Leicester,Watford,H,21.455700945331447,10.261115929199834,68.28318312546871
Man City,Bournemouth,H,11.155617039889597,11.804817339821927,77.03956562028847
Newcastle,West Ham,H,36.1551771341664,14.595241213270313,49.24958165256329
Southampton,Man Utd,A,56.1173818203862,22.799973753824816,21.08264442578897
Chelsea,Fulham,H,6.081879128567299,26.233079068359892,67.68504180307279
Arsenal,Spurs,H,28.462638836253802,17.391451902303178,54.145909261443016
Liverpool,Everton,H,12.30989786512615,32.010787321644386,55.67931481322946
Bournemouth,Huddersfield,H,21.74866176676566,24.602890399738197,53.648447833496135
Brighton,Crystal Palace,H,24.154894255788566,19.50622991996597,56.33887582424547
West Ham,Cardiff,H,26.052314703736783,5.65606261279692,68.2916226834663
Watford,Man City,A,53.03032106839222,15.758333430470936,31.21134550113685
Burnley,Liverpool,A,48.140956437793065,14.799594286087093,37.059449276119835
Fulham,Leicester,H,43.61832599690195,12.515494608278498,43.86617939481955
Wolves,Chelsea,A,54.57411715035101,18.825018507371965,26.60086434227702
Everton,Newcastle,H,15.096748067166665,11.890025916665566,73.01322601616776
Man Utd,Arsenal,H,23.770392771739544,13.496889603818754,62.73271762444169
Spurs,Southampton,H,16.509996884103582,15.074495811129655,68.41550730476675
Bournemouth,Liverpool,A,46.903437515475716,20.085886811454618,33.010675673069656
Arsenal,Huddersfield,H,7.932797249932487,20.301395036616526,71.765807713451
Burnley,Brighton,H,21.223585467163435,14.332173082698885,64.44424145013767
Cardiff,Southampton,H,41.96211282382005,12.0115543884751,46.026332787704845
Man Utd,Fulham,H,5.176326372160285,18.706093414303897,76.11758021353583
West Ham,Crystal Palace,H,39.41142808454461,8.235158128471182,52.35341378698419
Chelsea,Man City,H,35.82504685347754,18.219959353506805,45.95499379301566
Leicester,Spurs,A,44.005522740655294,19.050022960948407,36.944454298396295
Newcastle,Wolves,A,41.23783174467814,17.565629020623838,41.19653923469802
Everton,Watford,H,13.229819315629898,9.731157079100456,77.03902360526965
Man City,Everton,H,10.572655564404037,18.11011538302862,71.31722905256733
Crystal Palace,Leicester,A,52.82560119286154,7.422802495192303,39.75159631194616
Huddersfield,Newcastle,H,34.63216136450771,10.026828895704679,55.34100973978761
Spurs,Burnley,H,13.794783929787293,13.937439069540803,72.26777700067191
Watford,Cardiff,H,23.58409081994268,7.557069197381651,68.85883998267568
Wolves,Bournemouth,H,30.80182907898384,20.865700310824717,48.33247061019145
Fulham,West Ham,A,45.0243523255068,18.01702894002173,36.958618734471465
Brighton,Chelsea,A,35.224704484806004,29.741999403370883,35.03329611182313
Southampton,Arsenal,A,48.4448972290759,21.448658609525918,30.106444161398173
Liverpool,Man Utd,H,35.636211142348664,23.610841679380083,40.75294717827124
Wolves,Liverpool,A,47.65532515345747,19.105733079994597,33.23894176654794
Arsenal,Burnley,H,9.402339947736207,16.293518963640654,74.30414108862313
Bournemouth,Brighton,H,20.04690944252484,19.363381329847797,60.58970922762737
Chelsea,Leicester,H,17.472888844675406,12.86920610889674,69.65790504642784
Huddersfield,Southampton,H,32.284466112484004,16.84864543735309,50.866888450162904
Man City,Crystal Palace,H,17.977776674216386,6.720094944702219,75.30212838108137
Newcastle,Fulham,H,16.38616793331231,23.854150706098533,59.759681360589155
West Ham,Watford,H,27.280038604667546,6.897617126145734,65.82234426918673
Cardiff,Man Utd,A,67.37062519460156,12.184246903246207,20.44512790215223
Everton,Spurs,H,31.34233057672759,18.52717791669834,50.13049150657408
Fulham,Wolves,A,50.092700161722426,21.271701974153526,28.635597864124048
Burnley,Everton,H,31.070727685785855,24.889595308482004,44.039677005732145
Crystal Palace,Cardiff,H,43.10820586078295,4.7814948689533345,52.1102992702637
Leicester,Man City,A,48.919254250468505,17.552416778676104,33.528328970855384
Liverpool,Newcastle,H,14.503216794512639,13.672175205495499,71.82460799999187
Man Utd,Huddersfield,H,7.669913286822501,16.062759704154185,76.2673270090233
Spurs,Bournemouth,H,17.42377983240601,15.743826969337157,66.83239319825682
Brighton,Arsenal,H,29.863620482373847,29.16230789486964,40.97407162275651
Watford,Chelsea,A,49.956566711698144,17.781661901440252,32.26177138686162
Southampton,West Ham,H,36.791697051445766,20.457396341530945,42.75090660702329
Brighton,Everton,H,13.986248754664457,41.13552639861064,44.878224846724905
Fulham,Huddersfield,H,29.41401980455931,24.438836461167675,46.14714373427301
Leicester,Cardiff,H,20.494740051675382,8.486041607673553,71.01921834065107
Spurs,Wolves,H,25.837689709010164,16.24925104040315,57.913059250586684
Watford,Newcastle,H,27.834437165829133,11.290961599354734,60.874601234816126
Liverpool,Arsenal,H,26.903647268153758,21.45852061075946,51.63783212108678
Crystal Palace,Chelsea,A,69.42038764830355,11.948407102030659,18.63120524966579
Burnley,West Ham,H,37.479252401356014,13.608954644835663,48.911792953808316
Southampton,Man City,A,56.70984013538642,19.34095344670754,23.94920641790603
Man Utd,Bournemouth,H,11.598211170402484,14.358394813052456,74.04339401654507
Everton,Leicester,H,17.496250795019794,12.044301356891154,70.45944784808906
Arsenal,Fulham,H,5.350636805705323,23.41297777973107,71.2363854145636
Cardiff,Spurs,A,63.39533813011927,10.879179878915444,25.72548199096528
Bournemouth,Watford,H,28.15024601454273,10.492873289809182,61.35688069564809
Chelsea,Southampton,H,12.836818958650106,19.969364718085345,67.19381632326454
Huddersfield,Burnley,H,27.505846069368395,15.476693456378435,57.01746047425317
West Ham,Brighton,H,19.791646050257036,13.356156740441227,66.85219720930175
Wolves,Crystal Palace,H,41.56502347024693,11.794176163635123,46.640800366117944
Newcastle,Man Utd,A,56.50453387788844,16.835794838135048,26.65967128397652
Man City,Liverpool,H,21.21808493071048,11.13706600909464,67.64484906019487
West Ham,Arsenal,A,47.31691139368381,13.516317324848353,39.166771281467824
Brighton,Liverpool,H,28.149492219999306,29.759357425541378,42.09115035445931
Burnley,Fulham,H,17.309342423271445,22.62361027296097,60.06704730376759
Cardiff,Huddersfield,H,34.36766921527325,14.755690682971178,50.87664010175558
Crystal Palace,Watford,H,45.335559976062335,5.907819037067197,48.75662098687048
Leicester,Southampton,H,21.56322743977512,20.26639312284301,58.17037943738187
Chelsea,Newcastle,H,15.081341189006004,12.708242898338055,72.21041591265595
Everton,Bournemouth,H,13.664010646188816,19.702621362578203,66.633367991233
Spurs,Man Utd,H,41.415763699624804,15.985163392147872,42.59907290822731
Man City,Wolves,H,17.197447747590424,12.20049414658779,70.60205810582178
Wolves,Leicester,H,35.6266532649017,12.225250711828561,52.14809602326975
Bournemouth,West Ham,H,36.35637790062818,18.623585686520755,45.02003641285105
Liverpool,Crystal Palace,H,21.175937764414694,13.576917956360251,65.24714427922504
Man Utd,Brighton,H,7.188754975186405,12.729472538385023,80.08177248642858
Newcastle,Cardiff,H,26.757267204539797,6.609703305486312,66.6330294899739
Southampton,Everton,H,29.423154089910717,34.1959460337753,36.38089987631398
Watford,Burnley,H,21.182932800472017,17.032662099981266,61.784405099546724
Arsenal,Chelsea,H,30.01049252957252,18.09710700560583,51.892400464821655
Huddersfield,Man City,A,59.99005989517243,13.971789699749431,26.03815040507813
Fulham,Spurs,A,59.75430494491475,18.302096395030198,21.94359866005506
Arsenal,Cardiff,H,11.352277770645221,7.605146328128594,81.04257590122619
Fulham,Brighton,H,27.166062944370868,19.156751594912414,53.6771854607167
Huddersfield,Everton,H,33.1265857219682,26.702087214253247,40.17132706377854
Wolves,West Ham,H,36.95555697899597,17.69178673747854,45.35265628352548
Man Utd,Burnley,H,9.08422650173751,12.732901285698569,78.18287221256391
Bournemouth,Chelsea,A,53.770505003094236,19.792221918084998,26.437273078820773
Southampton,Crystal Palace,H,41.62193615368396,13.951960159482594,44.42610368683344
Newcastle,Man City,A,56.423100365723414,13.89657519906981,29.680324435206774
Liverpool,Leicester,H,16.86875385624914,13.87188452794737,69.2593616158035
Spurs,Watford,H,16.74625441027723,7.5510396589492865,75.70270593077349
Spurs,Newcastle,H,18.916378635049814,9.238404812684704,71.84521655226548
Brighton,Watford,H,14.643342918871118,16.24853504712289,69.10812203400599
Burnley,Southampton,H,30.12544427096803,15.502335369641882,54.37222035939009
Chelsea,Huddersfield,H,8.960312334630565,22.807124942187407,68.23256272318203
Crystal Palace,Fulham,H,34.28851745870987,19.98989280020825,45.72158974108188
Everton,Wolves,H,21.149281748384187,20.69015117364138,58.160567077974434
Cardiff,Bournemouth,H,43.569534628663476,12.563515522067355,43.86694984926917
Leicester,Man Utd,A,48.9320778236175,20.981879175071967,30.086043001310532
Man City,Arsenal,H,22.792545920580977,10.98535146267169,66.22210261674734
West Ham,Liverpool,A,45.84034224758632,13.814329877557,40.34532787485668
Fulham,Man Utd,A,63.185909627068746,19.928028835296487,16.886061537634756
Crystal Palace,West Ham,A,55.12360464422176,11.080028623612414,33.796366732165836
Huddersfield,Arsenal,A,51.80589866460411,15.645728267661557,32.54837306773434
Liverpool,Bournemouth,H,13.063247473258603,22.302324649676105,64.63442787706529
Southampton,Cardiff,H,27.521679495745566,9.72339021913843,62.754930285116
Watford,Everton,H,25.68011234248318,28.843570993527784,45.47631666398904
Brighton,Burnley,H,11.588016328163969,26.874353450698372,61.53763022113766
Spurs,Leicester,H,21.594498786327236,9.310667994334903,69.09483321933786
Man City,Chelsea,H,27.32690650436604,11.240997397664561,61.4320960979694
Wolves,Newcastle,H,32.05154556043434,12.16426363154445,55.78419080802121
Cardiff,Watford,H,39.245622635464585,5.528079325015173,55.22629803952024
West Ham,Fulham,H,15.977473060682785,21.03837729636207,62.984149642955146
Burnley,Spurs,A,53.36466759409112,14.159927117405848,32.47540528850303
Bournemouth,Wolves,A,41.34827907073109,22.17370589435101,36.478015034917924
Leicester,Crystal Palace,H,32.896921108547346,12.267978889110516,54.83510000234214
Newcastle,Huddersfield,H,22.01902298733466,19.6991415835214,58.28183542914394
Everton,Man City,H,36.03470500856953,17.170569072331396,46.79472591909909
Chelsea,Brighton,H,8.361908027762277,18.302288450539233,73.3358035216985
Arsenal,Southampton,H,11.405116515706183,17.658607918425105,70.93627556586871
Man Utd,Liverpool,H,22.165990101546246,13.696976279629586,64.13703361882416
Cardiff,Everton,A,43.76329287384022,19.902240021310977,36.33446710484881
Huddersfield,Wolves,A,45.11505171191731,17.76983994089843,37.11510834718427
Leicester,Brighton,H,14.529229275685275,18.593784910318163,66.87698581399655
Man City,West Ham,H,14.76706814720731,10.174796995131825,75.05813485766085
Arsenal,Bournemouth,H,12.089881555585178,18.43833017229414,69.47178827212068
Newcastle,Burnley,H,24.53103711617973,15.238092924659973,60.230869959160295
Southampton,Fulham,H,16.432645413259145,31.826266897894,51.741087688846854
Crystal Palace,Man Utd,A,71.30921014885827,12.858954321399723,15.831835529742017
Chelsea,Spurs,H,31.152359544745185,19.618154692688655,49.22948576256615
Liverpool,Watford,H,12.673381353983693,11.208419396963802,76.11819924905251
Bournemouth,Man City,A,56.86901990454851,17.61248059358034,25.51849950187115
Brighton,Huddersfield,H,9.808145521183588,32.37103852938581,57.82081594943062
Burnley,Crystal Palace,H,41.587782544614484,8.872437294979342,49.539780160406174
Everton,Liverpool,H,25.940434458539528,19.089234842754436,54.970330698706015
Fulham,Chelsea,A,61.09867101574436,18.844693079282273,20.056635904973383
Man Utd,Southampton,H,10.95297846271341,13.74284859779202,75.30417293949458
Spurs,Arsenal,H,32.54477238049448,14.520776792964215,52.934450826541315
Watford,Leicester,H,31.181442725771053,11.359109645370644,57.45944762885831
West Ham,Newcastle,H,30.53731133617441,8.527360909479373,60.93532775434621
Wolves,Cardiff,H,27.08565877097046,8.086505840837704,64.82783538819183
Arsenal,Man Utd,H,33.37286285767907,19.501036077143823,47.12610106517712
Cardiff,West Ham,A,48.937918954001326,10.41682679207713,40.64525425392156
Chelsea,Wolves,H,21.02332804961751,21.85850844320543,57.118163507177044
Crystal Palace,Brighton,H,37.850759769908194,11.974789909599172,50.174450320492625
Huddersfield,Bournemouth,H,33.76081662822419,17.590104992956828,48.649078378818984
Leicester,Fulham,H,11.176212308499455,27.64700909043844,61.17677860106211
Liverpool,Burnley,H,10.09473087415127,19.626094735536736,70.27917439031198
Man City,Watford,H,10.925673091535344,5.6267852820671465,83.44754162639751
Newcastle,Everton,H,29.62739082752185,26.21586762155533,44.15674155092283
Southampton,Spurs,A,52.12603303827832,20.982419451063485,26.8915475106582
Bournemouth,Newcastle,H,31.61036912607737,12.898148339729651,55.49148253419297
Brighton,Cardiff,H,14.02538101489168,13.655100407175155,72.31951857793317
Burnley,Leicester,H,35.9100928210052,9.221648969401386,54.868258209593414
Everton,Chelsea,H,32.97602613376497,19.262111573925402,47.76186229230962
Fulham,Liverpool,A,55.19884198384416,19.18919638530306,25.611961630852768
Man Utd,Man City,H,31.191414214819897,12.207483366109969,56.601102419070145
Spurs,Crystal Palace,H,26.230528448934763,8.976996844662434,64.79247470640279
Watford,Southampton,H,25.201211567616916,18.542798856107968,56.25598957627511
West Ham,Huddersfield,H,21.495298859744715,17.27819262652204,61.22650851373324
Wolves,Arsenal,A,49.129045012354965,18.6578666823558,32.21308830528923
Arsenal,Newcastle,H,13.460553837248348,11.130341765265458,75.40910439748619
Brighton,Southampton,H,14.137169100855044,29.209784833070735,56.65304606607423
Burnley,Wolves,A,42.765756181536304,16.441487169527345,40.792756648936354
Cardiff,Chelsea,A,64.93276838774723,11.292161873283451,23.77506973896931
Crystal Palace,Huddersfield,H,41.00868154983084,15.703152969221405,43.288165480947754
Fulham,Man City,A,63.949018983564685,16.755356296575393,19.2956247198599
Leicester,Bournemouth,H,22.717896127994265,21.14142406558563,56.1406798064201
Liverpool,Spurs,H,30.621249964364505,21.244606554207053,48.13414348142843
Man Utd,Watford,H,11.346452482930387,6.944539267798744,81.70900824927087
West Ham,Everton,H,29.142811368039006,23.3364248580891,47.5207637738719
Bournemouth,Burnley,H,24.372833167514678,19.31526906628043,56.311897766204886
Chelsea,West Ham,H,17.892729818288007,18.250661294373526,63.856608887338474
Everton,Arsenal,H,27.638843193795694,18.75189726497937,53.60925954122493
Huddersfield,Leicester,H,38.17500536568625,10.06956320028283,51.75543143403093
Man City,Cardiff,H,10.547710638671791,4.679655864244511,84.7726334970837
Newcastle,Crystal Palace,H,40.380460652552294,9.59946415337179,50.02007519407592
Southampton,Liverpool,A,47.01689210978714,21.94824876159718,31.03485912861566
Spurs,Brighton,H,11.077412694647766,13.969729552956458,74.95285775239577
Watford,Fulham,H,13.628825458433337,25.98352222478844,60.38765231677823
Wolves,Man Utd,A,57.328269380183826,19.96500069690102,22.706729922915162
Brighton,Bournemouth,H,14.970671217443154,30.34803758718815,54.6812911953687
Burnley,Cardiff,H,27.6160355291365,6.068821813725718,66.31514265713778
Crystal Palace,Man City,A,71.59543220924398,10.50721136676062,17.897356423995404
Fulham,Everton,A,37.63214089129818,31.263999450134577,31.10385965856724
Leicester,Newcastle,H,24.25904897752991,12.5732253052833,63.1677257171868
Liverpool,Chelsea,H,32.239218708811244,22.0662206398724,45.69456065131636
Man Utd,West Ham,H,15.354940790011504,12.444318978346187,72.2007402316423
Southampton,Wolves,A,41.56453691125698,24.141690442461986,34.29377264628103
Spurs,Huddersfield,H,11.879242120892336,17.69140396566939,70.42935391343826
Watford,Arsenal,A,44.31014065883824,17.529952377820777,38.15990696334098
Arsenal,Crystal Palace,H,19.62083884737173,10.983166901711098,69.39599425091717
Bournemouth,Fulham,H,16.060624559526136,29.432728672505327,54.50664676796853
Cardiff,Liverpool,A,59.15906325174352,11.320149964151854,29.520786784104637
Chelsea,Burnley,H,10.581364001965522,18.40388682947025,71.01474916856422
Everton,Man Utd,H,36.419069762987476,20.68645694160004,42.894473295412496
Huddersfield,Watford,H,30.979082916392276,8.102489428869282,60.91842765473846
Man City,Spurs,H,25.928063870748407,10.79303706447414,63.27889906477745
Newcastle,Southampton,H,28.891223302989268,16.56499049004574,54.543786206964995
West Ham,Leicester,H,33.89229530245133,8.566839753420066,57.5408649441286
Wolves,Brighton,H,20.425459895981675,18.418341187416885,61.15619891660143
Brighton,Newcastle,H,16.71154811570507,19.582913583510738,63.70553830078419
Burnley,Man City,A,57.91171029589288,12.925802737509894,29.162486966597218
Crystal Palace,Everton,A,50.136464206326146,20.784738388822646,29.07879740485119
Fulham,Cardiff,H,34.158191772071184,8.28234598483544,57.55946224309337
Leicester,Arsenal,H,40.022434204746794,19.410362566102776,40.56720322915044
Liverpool,Huddersfield,H,8.532618121212007,24.237596930129698,67.22978494865829
Man Utd,Chelsea,H,28.531162082977136,13.848152950808585,57.620684966214284
Southampton,Bournemouth,H,30.678445121357594,23.91006589977076,45.41148897887165
Spurs,West Ham,H,22.24002863601468,13.510400912127011,64.24957045185829
Watford,Wolves,H,37.17646755752591,19.788478520083196,43.035053922390894
Arsenal,Brighton,H,7.415043683775425,16.219965093197008,76.36499122302757
Bournemouth,Spurs,A,52.187032202450446,19.180749229339394,28.632218568210156
Cardiff,Crystal Palace,A,52.026846691630745,6.674263047628341,41.298890260740926
Chelsea,Watford,H,13.23413263361775,10.433448092450785,76.33241927393146
Everton,Burnley,H,10.619437270151924,17.361569097130616,72.01899363271745
Huddersfield,Man Utd,A,59.89420839103005,16.899359400068445,23.20643220890151
Man City,Leicester,H,14.415956970416188,6.967282911825275,78.61676011775855
Newcastle,Liverpool,A,46.615283385394605,15.856165929174932,37.52855068543046
West Ham,Southampton,H,28.19776426463002,14.423009249807379,57.3792264855626
Wolves,Fulham,H,16.45239167298267,28.301317504195794,55.24629082282154
Brighton,Man City,A,38.606374930724,27.097033217890882,34.296591851385124
Burnley,Arsenal,A,49.56662484766605,14.473564652736966,35.95981049959697
Crystal Palace,Bournemouth,A,50.190586956952465,13.322697123616448,36.48671591943109
Fulham,Newcastle,H,39.97569428311642,12.486379899029256,47.53792581785434
Leicester,Chelsea,A,45.722586452490376,19.719570166883386,34.55784338062624
Liverpool,Wolves,H,20.427155675322776,23.550853005820574,56.02199131885664
Man Utd,Cardiff,H,10.94154432353366,5.782454321584655,83.27600135488169
Southampton,Huddersfield,H,22.191613502308492,26.771876298325097,51.036510199366404
Spurs,Everton,H,16.710946489238847,23.73649015621201,59.55256335454915
Watford,West Ham,H,32.34060835077505,16.472136317562292,51.187255331662676
